(5767.000000, 28049.000000)(13793.000000, 10562.000000)(28454.000000, 14065.000000)(29587.000000, 25606.000000)(32722.000000, 17352.000000)
min distance: 5387.04
(9093.000000, 31028.000000)(16049.000000, 23685.000000)(16681.000000, 11765.000000)(19107.000000, 17392.000000)(30895.000000, 31976.000000)
min distance: 6127.69
(10477.000000, 23511.000000)(20349.000000, 28427.000000)(21411.000000, 12597.000000)(25876.000000, 8938.000000)(29665.000000, 24408.000000)
min distance: 5772.74
(1504.000000, 7045.000000)(18745.000000, 11699.000000)(24232.000000, 14621.000000)(26766.000000, 17831.000000)(29898.000000, 24495.000000)
min distance: 4089.65
(1780.000000, 13465.000000)(1972.000000, 29773.000000)(18856.000000, 28224.000000)(26465.000000, 12427.000000)(26686.000000, 24859.000000)
min distance: 8522.45
(15246.000000, 6857.000000)(22270.000000, 29200.000000)(22307.000000, 3300.000000)(22509.000000, 2367.000000)(30779.000000, 19527.000000)
min distance: 954.617
(2273.000000, 7617.000000)(7034.000000, 24444.000000)(13538.000000, 586.000000)(14911.000000, 7991.000000)(31391.000000, 5291.000000)
min distance: 7531.21
(16205.000000, 7117.000000)(17834.000000, 27495.000000)(18929.000000, 11110.000000)(21224.000000, 10537.000000)(32099.000000, 9477.000000)
min distance: 2365.45
(10000.000000, 17575.000000)(18228.000000, 5355.000000)(25149.000000, 19479.000000)(29664.000000, 22476.000000)(30809.000000, 5196.000000)
min distance: 5419.15
(4992.000000, 27022.000000)(6919.000000, 18411.000000)(9537.000000, 7753.000000)(10761.000000, 9464.000000)(17508.000000, 27670.000000)
min distance: 2103.73
(16994.000000, 24096.000000)(22491.000000, 20790.000000)(24147.000000, 8029.000000)(24393.000000, 11926.000000)(27011.000000, 3819.000000)
min distance: 3904.76
(3228.000000, 24318.000000)(15126.000000, 4675.000000)(23611.000000, 25000.000000)(30817.000000, 27464.000000)(31643.000000, 19588.000000)
min distance: 7615.62
(4099.000000, 13642.000000)(21122.000000, 19512.000000)(26179.000000, 12314.000000)(26692.000000, 19178.000000)(28589.000000, 7731.000000)
min distance: 5178.03
(1316.000000, 6455.000000)(12558.000000, 10523.000000)(18625.000000, 18981.000000)(22715.000000, 11869.000000)(30935.000000, 8928.000000)
min distance: 8204.18
(8035.000000, 27564.000000)(9310.000000, 7946.000000)(13578.000000, 18811.000000)(16983.000000, 13084.000000)(26867.000000, 10735.000000)
min distance: 6662.77
